function A = Argy1risMatrix1
%ARGy1RISMATRIx1 Summary1 of this function goes here
%   Detailed ex1planation goes here
%This gives the Matrix that needs to be solved for the Argyris bases
%functions on the reference triangle.
% Row 1 is phi(x1,y1)
% Row 2 is phi_x(x1,y1)
% Row 3 is phi_y(x1,y1)
% Row 4 is phi_xx(x1,y1)
% Row 5 is phi_yy(x1,y1)
% Row 6 is phi_xy(x1,y1)
% Row 7 is phi(x2,y2)
% Row 8 is phi_x(x2,y2)
% Row 9 is phi_y(x2,y2)
% Row 10 is phi_xx(x2,y2)
% Row 11 is phi_yy(x2,y2)
% Row 12 is phi_xy(x2,y2)
% Row 13 is phi(x3,y3)
% Row 14 is phi_x(x3,y3)
% Row 15 is phi_y(x3,y3)
% Row 16 is phi_xx(x3,y3)
% Row 17 is phi_yy(x3,y3)
% Row 18 is phi_xy(x3,y3)
% Row 19 is dphi/dn1
% Row 20 is dphi/dn2
% Row 21 is dphi/dn3
% phi = c1 c2*x c3*x^2 c4*x^3 c5*x^4 c6*x^5 c7*y c8*y^2 c9*y^3 c10*y^4
%c11*y^5 c12*x*y c13*x*y^2 c14*x*y^3 c15*x*y^4 c16*x^2*y
%c17*x^2*y^2 c18*x^2*y^3 c19*x^3*y c20*x^3*y^2 c21*x^4*y;


[x1 y1 x2 y2 x3 y3] = [0 0 1 0 0 1];

x4 = (x2-x3)/2; x5=(x3-x1)/2; x6=(x2-x1)/2;
y4 = (y2-y3)/2; y5=(y3-y1)/2; y6=(y2-y1)/2;

A = [ 1 x1 x1^2 x1^3 x1^4 x1^5 y1 y1^2 y1^3 y1^4 y1^5 x1*y1 x1*y1^2 x1*y1^3 x1*y1^4 x1^2*y1 x1^2*y1^2 x1^2*y1^3 x1^3*y1 x1^3*y1^2 x1^4*y1;
0 1 2*x1 3*x1^2 4*x1^3 5*x1^4 0 0 0 0 0 y1 y1^2 y1^3 y1^4 2*x1*y1 2*x1*y1^2 2*x1*y1^3 3*x1^2*y1 3*x1^2*y1^2 4*x1^3*y1
0 0 0 0 0 0 1 2*y1 3*y1^2 4*y1^3 5*y1^4 x1 2*x1*y1 3*x1*y1^2 4*x1*y1^3 x1^2 2*x1^2*y1 3*x1^2*y1^2 x1^3 2*x1^3*y1 x1^4;
0 0 2 6*x1 12*x1^2 20*x1^3 0 0 0 0 0 0 0 0 0 2*y1 2*y1^2 2*y1^3 6*x1*y1 6*x1*y1^2 12*x1^2*y1
0 0 0 0 0 0 0 2 6*y1 12*y1^2 20*y1^3 0 2*x1 6*x1*y1 12*x1*y1^2 0 2*x1^2 6*x1^2*y1 0 2*x1^3 0;
0 0 0 0 0 0 0 0 0 0 0 1 2*y1 3*y1^2 4*y1^3 2*x1 4*x1*y1 6*x1*y1^2 3*x1^2
6*x1^2*y1 4*x1^3;
1 x2 x2^2 x2^3 x2^4 x2^5 y2 y2^2 y2^3 y2^4 y2^5 x2*y2 x2*y2^2 x2*y2^3 x2*y2^4 x2^2*y2 x2^2*y2^2 x2^2*y2^3 x2^3*y2 x2^3*y2^2 x2^4*y2;
0 1 2*x2 3*x2^2 4*x2^3 5*x2^4 0 0 0 0 0 y2 y2^2 y2^3 y2^4 2*x2*y2 2*x2*y2^2 2*x2*y2^3 3*x2^2*y2 3*x2^2*y2^2 4*x2^3*y2
0 0 0 0 0 0 1 2*y2 3*y2^2 4*y2^3 5*y2^4 x2 2*x2*y2 3*x2*y2^2 4*x2*y2^3 x2^2 2*x2^2*y2 3*x2^2*y2^2 x2^3 2*x2^3*y2 x2^4;
0 0 2 6*x2 12*x2^2 20*x2^3 0 0 0 0 0 0 0 0 0 2*y2 2*y2^2 2*y2^3 6*x2*y2 6*x2*y2^2 12*x2^2*y2
0 0 0 0 0 0 0 2 6*y2 12*y2^2 20*y2^3 0 2*x2 6*x2*y2 12*x2*y2^2 0 2*x2^2 6*x2^2*y2 0 2*x2^3 0;
0 0 0 0 0 0 0 0 0 0 0 1 2*y2 3*y2^2 4*y2^3 2*x2 4*x2*y2 6*x2*y2^2 3*x2^2
6*x2^2*y2 4*x2^3;
1 x3 x3^2 x3^3 x3^4 x3^5 y3 y3^2 y3^3 y3^4 y3^5 x3*y3 x3*y3^2 x3*y3^3 x3*y3^4 x3^2*y3 x3^2*y3^2 x3^2*y3^3 x3^3*y3 x3^3*y3^2 x3^4*y3;
0 1 2*x3 3*x3^2 4*x3^3 5*x3^4 0 0 0 0 0 y3 y3^2 y3^3 y3^4 2*x3*y3 2*x3*y3^2 2*x3*y3^3 3*x3^2*y3 3*x3^2*y3^2 4*x3^3*y3
0 0 0 0 0 0 1 2*y3 3*y3^2 4*y3^3 5*y3^4 x3 2*x3*y3 3*x3*y3^2 4*x3*y3^3 x3^2 2*x3^2*y3 3*x3^2*y3^2 x3^3 2*x3^3*y3 x3^4;
0 0 2 6*x3 12*x3^2 20*x3^3 0 0 0 0 0 0 0 0 0 2*y3 2*y3^2 2*y3^3 6*x3*y3 6*x3*y3^2 12*x3^2*y3
0 0 0 0 0 0 0 2 6*y3 12*y3^2 20*y3^3 0 2*x3 6*x3*y3 12*x3*y3^2 0 2*x3^2 6*x3^2*y3 0 2*x3^3 0;
0 0 0 0 0 0 0 0 0 0 0 1 2*y3 3*y3^2 4*y3^3 2*x3 4*x3*y3 6*x3*y3^2 3*x3^2
6*x3^2*y3 4*x3^3;
0 -1/2^0.5 -1/2^0.5*2*x4 -1/2^0.5*3*x4^2 -1/2^0.5*4*x4^3 -1/2^0.5*5*x4^4 -1/2^0.5 -1/2^0.5*2*y4 -1/2^0.5*3*y4^2 -1/2^0.5*4*y4^3 -1/2^0.5*5*y4^4 -1/2^0.5*(x4+y4) -1/2^0.5*(y4^2+2*x4*y4) -1/2^0.5*(y4^3+3*x4*y4^2) -1/2^0.5*(y4^4+4*x4*y4^3) -1/2^0.5*(2*x4*y4+x4^2) -2/2^0.5*(x4*y4^2+x4^2*y4) -1/2^0.5*(2*x4*y4^3+3*x4^2*y4^2) -1/2^0.5*(3*x4^2*y4+x4^3) -1/2^0.5*(3*x4^2*y4^2+2*x4^3*y4) -1/2^0.5*(4*x4^3*y4+x4^4);
0 -1 -2*x5 -3*x5^2 -4*x5^3 -5*x5^4 0 0 0 0 0 -y5 -y5^2 -y5^3 -y5^4 -2*x5*y5 -2*x5*y5^2 -2*x5*y5^3 -3*x5^2*y5 -3*x5^2*y5^2 -4*x5^3*y5;
0 0 0 0 0 0 1 2*y6 3*y6^2 4*y6^3 5*y6^4 x6 2*x6*y6 3*x6*y6^2 4*x6*y6^3 x6^2
2*x6^2*y6 3*x6^2*y6^2 x6^3 2*x6^3*y6 x6^4;];
end
